proofed 22

1 : 1 : 0 : 1 |
2 : 2 : 2 : 2 |
3 : 3 : 3 : 3 |
4 : 3 , 4 : 7 : 3 |
5 : 5 , 4 : 9 : 5 |
6 : 5 , 4 , 6 : 15 : 5 |
7 : 7 , 4 , 6 : 17 : 7 |
8 : 7 , 6 , 8 : 21 : 7 |
9 : 7 , 9 , 6 , 8 : 30 : 7 |
10 : 7 , 9 , 6 , 8 , 10 : 40 : 7 |
11 : 11 , 9 , 6 , 8 , 10 : 44 : 11 |
12 : 11 , 8 , 9 , 10 , 12 : 50 : 11 |
13 : 13 , 8 , 9 , 10 , 12 : 52 : 13 |
14 : 13 , 8 , 9 , 10 , 12 , 14 : 66 : 13 |
15 : 13 , 9 , 15 , 10 , 8 , 12 , 14 : 81 : 13 |
16 : 13 , 9 , 15 , 10 , 12 , 14 , 16 :89 : 13 |
17 : 13 , 9 , 15 , 10 , 12 , 14 , 16 : 93 : 17 |
18 : 17 , 9 , 15 , 10 , 14 , 18 , 12 , 16 : 111 : 17 |
19 : 19 , 9 , 15 , 10 , 14 , 18 , 12 , 16 : 113 : 19 |
20 : 19 , 10 , 14 , 15 , 20 , 12 , 16 , 18 : 124 : 19 |
21 : 19 , 9 , 15 , 21 , 14 , 18 , 12 , 16 , 20 : 144 : 19 |
22 : 19 , 9 , 15 , 21 , 14 , 18 , 12 , 16 , 20 , 22 : 166 : 19 |

best known 55

23 : 23 , 9 , 15 , 21 , 14 , 18 , 12 , 16 , 20 , 22 : 170 : 23 |
24 : 23 , 9 , 15 , 21 , 14 , 18 , 16 , 24 , 20 , 22 : 182 : 23 |
25 : 23 , 25 , 15 , 21 , 14 , 22 , 20 , 16 , 18 , 24 : 198 : 23 |
26 : 23 , 25 , 15 , 21 , 14 , 22 , 20 , 16 , 18 , 24 , 26 : 224 : 23 |
27 : 23 , 25 , 15 , 27 , 21 , 14 , 26 , 22 , 20 , 18 , 16 , 24 : 251 : 23|
28 : 23 , 25 , 15 , 21 , 14 , 28 , 26 , 27 , 18 , 22 , 16 , 20 , 24 : 279 : 23 |
29 : 29 , 25 , 15 , 21 , 14 , 28 , 26 , 27 , 18 , 22 , 16 , 20 , 24 : 285 : 29 |
30 : 29 , 25 , 15 , 21 , 27 , 18 , 30 , 20 , 28 , 22 , 26 , 16 , 24 : 301 : 29 |
31 : 31 , 25 , 15 , 21 , 27 , 18 , 30 , 20 , 28 , 22 , 26 , 16 , 24 : 303 : 31 |
32 : 31 , 25 , 15 , 21 , 27 , 18 , 30 , 20 , 28 , 22 , 26 , 32 , 24 : 319 : 31 |
33 : 31 , 25 , 15 , 33 , 21 , 22 , 27 , 26 , 18 , 30 , 20 , 28 , 32 , 24 : 352 : 31 |
34 : 31 , 25 , 15 , 33 , 21 , 22 , 27 , 26 , 18 , 30 , 20 , 28 , 32 , 24 , 34 : 386 : 31 |
35 : 31 , 25 , 35 , 21 , 27 , 33 , 22 , 26 , 34 , 18 , 12 , 20 , 30 , 28 , 24 , 32 : 418 : 31 |
36 : 31 , 25 , 35 , 21 , 27 , 33 , 22 , 26 , 34 , 18 , 36 , 20 , 30 , 28 , 24 , 32 : 442 : 31 |
37 : 37 , 25 , 35 , 21 , 27 , 33 , 22 , 26 , 34 , 18 , 36 , 20 , 30 , 28 , 24 , 32 : 448 : 37 |
38 : 37 , 25 , 35 , 21 , 27 , 33 , 22 , 26 , 34 , 38 , 18 , 36 , 20 , 30 , 28 , 24 , 32 : 486 : 37 |
39 : 37 , 25 , 35 , 21 , 27 , 39 , 26 , 33 , 34 , 38 , 18 , 36 , 20 , 30 , 28 , 24 , 32 : 503 : 37 |
40 : 37 , 25 , 35 , 21 , 27 , 39 , 26 , 33 , 34 , 38 , 20 , 28 , 40 , 32 , 24 , 30 , 36 : 525 : 37 |
41 : 41 , 25 , 35 , 21 , 27 , 39 , 26 , 33 , 34 , 38 , 20 , 28 , 40 , 32 , 24 , 30 , 36 : 529 : 41 |
42 : 41 , 25 , 35 , 21 , 27 , 39 , 26 , 33 , 34 , 38 , 20 , 28 , 40 , 32 , 42 , 24 , 30 , 36 : 571 : 41 |
43 : 43 , 25 , 35 , 21 , 27 , 39 , 26 , 33 , 34 , 38 , 20 , 28 , 40 , 32 , 42 , 24 , 30 , 36 : 573 : 43 |
44 : 43 , 25 , 35 , 21 , 27 , 39 , 26 , 33 , 34 , 38 , 20 , 28 , 40 , 32 , 42 , 24 , 30 , 36 , 44 : 617 : 43 |
45 : 43 , 25 , 35 , 21 , 27 , 39 , 26 , 33 , 34 , 38 , 18 , 45 , 30 , 42 , 28 , 36 , 44 , 24 , 32 , 40 : 660 : 43 |
46 : 43 , 25 , 35 , 21 , 27 , 39 , 26 , 33 , 34 , 38 , 18 , 45 , 30 , 42 , 28 , 36 , 44 , 24 , 32 , 40 , 46 : 706 : 43 |
47 : 47 , 25 , 35 , 21 , 27 , 39 , 26 , 33 , 34 , 38 , 18 , 45 , 30 , 42 , 28 , 36 , 44 , 24 , 32 , 40 , 46 : 710 : 47 |
48 : 47 , 25 , 35 , 21 , 27 , 39 , 26 , 33 , 34 , 38 , 18 , 45 , 30 , 42 , 28 , 36 , 44 , 32 , 48 , 40 , 46 : 734 : 47 |
49 : 47 , 49 , 35 , 21 , 27 , 39 , 26 , 33 , 34 , 38 , 18 , 45 , 30 , 42 , 28 , 36 , 44 , 32 , 48 , 40 , 46 : 758 : 47 |
50 : 47 , 49 , 35 , 21 , 27 , 39 , 26 , 33 , 34 , 38 , 18 , 45 , 30 , 42 , 28 , 36 , 44 , 32 , 48 , 40 , 46 , 50 : 808 : 47 |
51 : 47 , 49 , 35 , 21 , 27 , 51 , 39 , 33 , 34 , 38 , 18 , 45 , 30 , 42 , 28 , 36 , 44 , 32 , 48 , 40 , 46 , 50 : 833 : 47 |
52 : 47 , 49 , 35 , 21 , 27 , 51 , 39 , 33 , 34 , 38 , 18 , 45 , 30 , 42 , 28 , 36 , 44 , 32 , 48 , 40 , 46 , 50 , 52 : 885 : 47 |
53 : 53 , 49 , 35 , 21 , 27 , 51 , 39 , 33 , 34 , 38 , 18 , 45 , 30 , 42 , 28 , 36 , 44 , 32 , 48 , 40 , 46 , 50 , 52 : 891 : 53 |
54 : 53 , 49 , 35 , 21 , 27 , 51 , 39 , 33 , 34 , 38 , 46 , 45 , 8 , 28 , 42 , 52 , 54 , 44 , 36 , 32 , 48 , 30 , 50 , 40 : 935 : 53 |
55 : 53 , 49 , 35 , 55 , 33 , 39 , 51 , 34 , 46 , 38 , 27 , 45 , 54 , 30 , 50 , 20 , 40 , 28 , 32 , 36 , 48 , 44 , 52 , 42 : 981 : 53 | 
