1 : 1 : 0 : 1 |
2 : 2 : 2 : 2 |
3 : 3 : 3 : 3 |
4 : 3 , 4 : 7 : 3 |
5 : 5 , 4 : 9 : 5 |
6 : 5 , 4 , 6 : 15 : 5 |
7 : 7 , 4 , 6 : 17 : 7 |
8 : 7 , 6 , 8 : 21 : 7 |
9 : 7 , 9 , 6 , 8 : 30 : 7 |
10 : 7 , 9 , 6 , 8 , 10 : 40 : 7 |
11 : 11 , 9 , 6 , 8 , 10 : 44 : 11 |
12 : 11 , 8 , 9 , 10 , 12 : 50 : 11 |
13 : 13 , 8 , 9 , 10 , 12 : 52 : 13 |
14 : 13 , 8 , 9 , 10 , 12 , 14 : 66 : 13 |
15 : 13 , 9 , 15 , 10 , 8 , 12 , 14 : 81 : 13 |
16 : 13 , 9 , 15 , 10 , 12 , 14 , 16 :89 : 13 |
17 : 13 , 9 , 15 , 10 , 12 , 14 , 16 : 93 : 17 |
18 : 17 , 9 , 15 , 10 , 14 , 18 , 12 , 16 : 111 : 17 |
19 : 19 , 9 , 15 , 10 , 14 , 18 , 12 , 16 : 113 : 19 |
20 : 19 , 10 , 14 , 15 , 20 , 12 , 16 , 18 : 124 : 19 |
21 : 19 , 9 , 15 , 21 , 14 , 18 , 12 , 16 , 20 : 144 : 19 |
22 : 19 , 9 , 15 , 21 , 14 , 18 , 12 , 16 , 20 , 22 : 166 : 19 |